104 189 s__489 189
117 345 616 345
105 335 104 415
s__883 396 75 233
430 441 428 106
403 s__2100 403 318
321 577 157 454
549 235 109 238
549 s__587 109 155
549 s__611 171 262
549 s__588 171 262
549 116 171 116
174 167 567 167
174 350 s__561 380
543 692 s__561 380
543 693 171 262
543 618 173 645
543 319 555 244
551 261 171 262
551 259 109 169
543 420 s__561 380
543 348 171 262
543 115 171 116
104 s__574 106 455
77 146 403 318
107 207 104 493
s__462 427 203 677
587 s__395 173 69
587 349 173 69
587 115 173 169
549 s__805 173 69
549 501 173 69
549 s__724 173 69
s__721 335 506 677
s__721 120 430 189
78 s__995 78 146
s__882 s__835 75 478
75 235 77 235