0.000000000000000000e+00 6.934379629258917606e-03 1.309356522683610864e-02 9.318844099077223594e-03 1.036575821347200839e-02 9.824223204701814510e-03 1.255499351930815070e-02 1.245390675838134453e-02 5.465173561008416191e-03 6.178097702671424100e-03 1.225746440761354278e-02 1.341397499477249740e-02 2.015017835332919005e-02 9.852216748768474319e-04
2.642577549560166661e-01 0.000000000000000000e+00 5.860551629567779530e-01 5.525943014408288834e-01 5.484054240511100353e-01 4.602224624729878699e-01 5.639341032169477019e-01 5.259114789175119986e-01 3.781516783016670158e-01 3.650457609835744410e-01 5.732590736242223484e-01 4.645989418740901766e-01 4.621048779304841592e-01 6.078817733990148353e-01
1.014773349046677181e-01 1.191871694372615975e-01 0.000000000000000000e+00 2.264954670552048188e-01 2.212289336834965536e-01 1.938286765776550402e-01 2.594524200227209532e-01 2.440395877986639983e-01 1.459281041237011634e-01 1.467792149838288429e-01 2.566649242028227751e-01 1.900592582071827796e-01 1.785054476029224735e-01 1.743842364532020017e-01
1.938212887747800886e-02 3.015960890916194459e-02 6.078379460861183664e-02 0.000000000000000000e+00 1.175829463566215316e-01 5.157523893711801755e-02 1.055536912235115338e-01 7.062973570144447100e-02 4.096223489164155240e-02 5.365055665958374381e-02 6.991508051207936947e-02 4.746673136936959553e-02 4.631895483626326943e-02 6.699507389162562276e-02
1.881392314491350803e-02 2.611920207970643698e-02 5.180946174368165902e-02 1.026084668933139044e-01 0.000000000000000000e+00 4.457818594636108606e-02 8.884243452346135550e-02 5.560968077557968542e-02 3.515283130147795615e-02 4.413500376389043606e-02 5.966273074833697287e-02 4.250158797792217419e-02 4.757338060027249682e-02 5.517241379310345445e-02
1.604444631508060159e-01 1.972305555593905080e-01 4.084448336489963638e-01 4.049751092763477778e-01 4.011165799954780065e-01 0.000000000000000000e+00 4.284522383786264488e-01 3.860582420046837493e-01 2.339583872576442569e-01 2.544181400751109878e-01 3.970242304972172454e-01 3.035276781592870510e-01 2.739652640907948578e-01 3.349753694581281138e-01
4.291005513700071189e-02 5.057673749504717348e-02 1.144166344215221121e-01 1.734509065889590640e-01 1.672956849922604960e-01 8.966407702685812164e-02 0.000000000000000000e+00 1.247118597956640429e-01 6.176936512141414926e-02 7.319932771286834228e-02 1.095369146090218737e-01 8.147017165942706252e-02 8.740415437593972159e-02 9.753694581280789033e-02
7.128877478008334434e-02 7.899653888473948116e-02 1.802456061747755023e-01 1.943854217257568462e-01 1.753830634641807273e-01 1.353137269809198406e-01 2.088722364698240019e-01 0.000000000000000000e+00 9.594074233756101633e-02 1.100015222382323687e-01 1.684821602451749278e-01 1.318791006324294690e-01 1.324466373011988773e-01 1.556650246305418817e-01
1.515215286838671738e-01 2.751162793908327187e-01 5.220332769891860014e-01 5.460276023959851344e-01 5.369729435158936415e-01 3.971755358286482851e-01 5.010729316433248925e-01 4.646842130417679906e-01 0.000000000000000000e+00 3.872720031195457935e-01 5.319959923331590845e-01 3.936183013962369359e-01 3.288711931815676559e-01 5.724137931034483096e-01
1.247001136411465400e-01 1.933478110206217349e-01 3.822658493371076660e-01 5.206512060870973624e-01 4.908140134847616132e-01 3.144369949525863128e-01 4.322913940722450388e-01 3.878780748741741946e-01 2.819407134935894566e-01 0.000000000000000000e+00 4.416966472945687006e-01 2.848487179790663015e-01 2.426707584315489497e-01 4.463054187192119215e-01
1.006671156193442579e-01 1.235429008480906088e-01 2.719833818707614870e-01 2.760694916626194040e-01 2.699677084601515564e-01 1.996537554072529697e-01 2.632115291661920042e-01 2.417271133038973729e-01 1.575886591576194096e-01 1.797210759096416199e-01 0.000000000000000000e+00 1.798764730714451920e-01 1.745150949968474197e-01 2.039408866995073843e-01
1.431036659792079002e-01 1.300622779854017641e-01 2.616201318317278313e-01 2.434687145863688451e-01 2.498159324254599079e-01 1.982736736847666714e-01 2.543017323920680473e-01 2.457840538523472229e-01 1.514600742504552400e-01 1.505550956403514107e-01 2.336579953465965642e-01 0.000000000000000000e+00 2.196744225011794671e-01 2.738916256157635787e-01
9.617408140073235856e-02 5.787614260291882445e-02 1.099308256793543048e-01 1.062914845394204444e-01 1.251021792441344982e-01 8.006600166743767233e-02 1.220586741212582177e-01 1.104344437377528937e-01 5.661540283262982143e-02 5.738316821566570580e-02 1.014203642774412495e-01 9.828005223559674319e-02 0.000000000000000000e+00 1.399014778325123332e-01
1.052232838082410976e-05 1.703636310923290929e-04 2.403111826161334749e-04 3.440181317791808548e-04 3.246546196613157072e-04 2.190605908708431998e-04 3.047926332544156664e-04 2.904379731105906945e-04 2.205045721490201120e-04 2.361554518023926627e-04 2.652132468251284072e-04 2.741974300402025082e-04 3.130552873274337813e-04 0.000000000000000000e+00
