0.000000000000000000e+00 2.158520113516009253e-01 4.075739346676064412e-01 2.900751544911863156e-01 3.226632920588212161e-01 3.058064963380992540e-01 3.908093800077399038e-01 3.876627711063461712e-01 1.701188525288930553e-01 1.923106156203983064e-01 3.815479520749573972e-01 4.175475871878622236e-01 6.272308063878563322e-01 3.066778738966846954e-02
2.158520113516009253e-01 0.000000000000000000e+00 4.787037780906969187e-01 4.513721515846852994e-01 4.479505770313612079e-01 3.759206393413709324e-01 4.606347710378442262e-01 4.295769883314654591e-01 3.088832733441789768e-01 2.981780487645298572e-01 4.682516283692002013e-01 3.794954516738378025e-01 3.774582410014151179e-01 4.965322719630104742e-01
4.075739346676063302e-01 4.787037780906969187e-01 0.000000000000000000e+00 9.096972124740025922e-01 8.885446888057183523e-01 7.784941971365862967e-01 1.042065637484816953e+00 9.801614824354946132e-01 5.861061648116387968e-01 5.895245695463161573e-01 1.030869929199289770e+00 7.633546915700968327e-01 7.169499249016919595e-01 7.003974775451904389e-01
2.900751544911863156e-01 4.513721515846852994e-01 9.096972124740025922e-01 0.000000000000000000e+00 1.759759804794155613e+00 7.718809165482668488e-01 1.579728598562447850e+00 1.057052691413846279e+00 6.130454858498124437e-01 8.029403586130682280e-01 1.046357080226166358e+00 7.103925230401795243e-01 6.932147683535385685e-01 1.002655927638761879e+00
3.226632920588212161e-01 4.479505770313612079e-01 8.885446888057185744e-01 1.759759804794154947e+00 0.000000000000000000e+00 7.645265753810577269e-01 1.523669049621393823e+00 9.537193562013549508e-01 6.028794837502987614e-01 7.569258947108779001e-01 1.023230134842031402e+00 7.289124224147578435e-01 8.158948817116447039e-01 9.462201226290867240e-01
3.058064963380991985e-01 3.759206393413709324e-01 7.784941971365862967e-01 7.718809165482668488e-01 7.645265753810576159e-01 0.000000000000000000e+00 8.166282294430527999e-01 7.358254442157435848e-01 4.459237376669358821e-01 4.849199435950407033e-01 7.567265738273872833e-01 5.785225240978562056e-01 5.221766827266620670e-01 6.384616962273520491e-01
3.908093800077399038e-01 4.606347710378443372e-01 1.042065637484816953e+00 1.579728598562447850e+00 1.523669049621393823e+00 8.166282294430525779e-01 0.000000000000000000e+00 1.135830854813539847e+00 5.625732059653302253e-01 6.666732025655699445e-01 9.976229009642970658e-01 7.420010804854516584e-01 7.960456651174873111e-01 8.883314924497283105e-01
3.876627711063461157e-01 4.295769883314654036e-01 9.801614824354946132e-01 1.057052691413846279e+00 9.537193562013547288e-01 7.358254442157436959e-01 1.135830854813539847e+00 0.000000000000000000e+00 5.217182389697869738e-01 5.981796582749413504e-01 9.161927852472430134e-01 7.171482152680155320e-01 7.202344352009337758e-01 8.464942061183077238e-01
1.701188525288930276e-01 3.088832733441790324e-01 5.861061648116387968e-01 6.130454858498124437e-01 6.028794837502987614e-01 4.459237376669358821e-01 5.625732059653301143e-01 5.217182389697869738e-01 0.000000000000000000e+00 4.348046733657171536e-01 5.972916756569313090e-01 4.419298983420920091e-01 3.692359132053359416e-01 6.426702429701522945e-01
1.923106156203983064e-01 2.981780487645298572e-01 5.895245695463161573e-01 8.029403586130682280e-01 7.569258947108779001e-01 4.849199435950408144e-01 6.666732025655697225e-01 5.981796582749413504e-01 4.348046733657171536e-01 0.000000000000000000e+00 6.811778408087700853e-01 4.392893535837182339e-01 3.742431468935032424e-01 6.882854178914775689e-01
3.815479520749573972e-01 4.682516283692002013e-01 1.030869929199289992e+00 1.046357080226166358e+00 1.023230134842031402e+00 7.567265738273871722e-01 9.976229009642967327e-01 9.161927852472429024e-01 5.972916756569313090e-01 6.811778408087700853e-01 0.000000000000000000e+00 6.817668262831191317e-01 6.614461603727385119e-01 7.729756354476826630e-01
4.175475871878622236e-01 3.794954516738378025e-01 7.633546915700968327e-01 7.103925230401795243e-01 7.289124224147580655e-01 5.785225240978562056e-01 7.420010804854517694e-01 7.171482152680155320e-01 4.419298983420920646e-01 4.392893535837182339e-01 6.817668262831191317e-01 0.000000000000000000e+00 6.409655857144955782e-01 7.991604313158516826e-01
6.272308063878563322e-01 3.774582410014150069e-01 7.169499249016919595e-01 6.932147683535386795e-01 8.158948817116448149e-01 5.221766827266619559e-01 7.960456651174873111e-01 7.202344352009337758e-01 3.692359132053359416e-01 3.742431468935031313e-01 6.614461603727384009e-01 6.409655857144955782e-01 0.000000000000000000e+00 9.124133599998316413e-01
3.066778738966846260e-02 4.965322719630104742e-01 7.003974775451904389e-01 1.002655927638761657e+00 9.462201226290868350e-01 6.384616962273520491e-01 8.883314924497283105e-01 8.464942061183076127e-01 6.426702429701522945e-01 6.882854178914775689e-01 7.729756354476827740e-01 7.991604313158516826e-01 9.124133599998314192e-01 0.000000000000000000e+00
