7.000000000000000000e+00
2.000000000000000000e+01
2.500000000000000000e+01
1.700000000000000000e+01
3.500000000000000000e+00
1.400000000000000000e+01
8.132999999999999829e+01
2.989999999999999858e+01
2.100000000000000000e+01
5.689999999999999858e+01
3.352000000000000313e+01
6.300000000000000000e+01
1.689999999999999858e+01
1.899999999999999911e+00
6.969999999999999751e+00
3.280000000000000000e+02
6.500000000000000000e+01
1.400000000000000000e+01
1.550000000000000000e+01
7.799999999999999822e+00
5.695000000000000284e+01
8.699999999999999289e+00
6.000000000000000000e+00
1.985999999999999943e+02
3.500000000000000000e+00
8.000000000000000000e+00
4.900000000000000000e+01
7.000000000000000000e+00
1.550000000000000000e+01
1.000000000000000000e+01
4.490000000000000213e+00
1.000000000000000000e+01
1.500000000000000000e+01
1.250000000000000000e+01
3.128999999999999915e+01
2.500000000000000000e+00
2.932999999999999829e+01
2.000000000000000000e+01
3.479999999999999716e+01
2.012999999999999901e+01
1.180000000000000071e+01
3.899999999999999911e+00
7.800000000000000000e+01
4.000000000000000000e+00
2.899999999999999911e+00
6.500000000000000000e+00
1.735000000000000142e+01
9.500000000000000000e+00
7.000000000000000000e+00
1.989999999999999858e+01
5.000000000000000000e-01
1.780000000000000071e+01
1.650000000000000000e+01
2.639999999999999858e+01
1.300000000000000000e+01
4.500000000000000000e+00
2.250000000000000000e+01
1.800000000000000044e+00
2.000000000000000000e+01
3.800000000000000000e+01
1.500000000000000000e+01
3.000000000000000000e+00
1.800000000000000000e+01
2.000000000000000000e+00
1.680000000000000000e+02
1.000000000000000000e+01
1.689999999999999858e+01
1.000000000000000000e+01
3.500000000000000000e+01
1.800000000000000000e+01
4.900000000000000000e+01
3.000000000000000000e+00
7.090000000000000568e+01
2.044999999999999929e+01
1.800000000000000000e+01
6.000000000000000000e+00
8.500000000000000000e+01
5.500000000000000000e+00
9.429999999999999716e+00
4.500000000000000000e+00
2.000000000000000000e+01
2.000000000000000000e+00
3.000000000000000000e+00
5.895000000000000284e+01
1.000000000000000000e+00
