7.000000000000000000e+00
2.000000000000000000e+01
2.500000000000000000e+01
1.700000000000000000e+01
3.500000000000000000e+00
1.400000000000000000e+01
3.401831469843451572e+01
3.046808924579692501e+01
2.100000000000000000e+01
3.254320886625844622e+01
3.078964593045205334e+01
3.293725393319377304e+01
1.689999999999999858e+01
1.899999999999999911e+00
6.969999999999999751e+00
4.311077027627483460e+01
3.306225774829854913e+01
1.400000000000000000e+01
1.550000000000000000e+01
7.799999999999999822e+00
3.254652237789036207e+01
8.699999999999999289e+00
6.000000000000000000e+00
3.909255122396225346e+01
3.500000000000000000e+00
8.000000000000000000e+00
3.200000000000000000e+01
7.000000000000000000e+00
1.550000000000000000e+01
1.000000000000000000e+01
4.490000000000000213e+00
1.000000000000000000e+01
1.500000000000000000e+01
1.250000000000000000e+01
3.059374650837879983e+01
2.500000000000000000e+00
3.041571786562040103e+01
2.000000000000000000e+01
3.089915248150104787e+01
2.012999999999999901e+01
1.180000000000000071e+01
3.899999999999999911e+00
3.383176086632784774e+01
4.000000000000000000e+00
2.899999999999999911e+00
6.500000000000000000e+00
1.735000000000000142e+01
9.500000000000000000e+00
7.000000000000000000e+00
1.989999999999999858e+01
1.000000000000000000e+00
1.780000000000000071e+01
1.650000000000000000e+01
3.013809303146605245e+01
1.300000000000000000e+01
4.500000000000000000e+00
2.250000000000000000e+01
1.800000000000000044e+00
2.000000000000000000e+01
3.116441400296897513e+01
1.500000000000000000e+01
3.000000000000000000e+00
1.800000000000000000e+01
2.000000000000000000e+00
3.796148139681572076e+01
1.000000000000000000e+01
1.689999999999999858e+01
1.000000000000000000e+01
3.091607978309961524e+01
1.800000000000000000e+01
3.200000000000000000e+01
3.000000000000000000e+00
3.342021377400835291e+01
2.044999999999999929e+01
1.800000000000000000e+01
6.000000000000000000e+00
3.421954445729288352e+01
5.500000000000000000e+00
9.429999999999999716e+00
4.500000000000000000e+00
2.000000000000000000e+01
2.000000000000000000e+00
3.000000000000000000e+00
3.267789033524183395e+01
1.000000000000000000e+00
