2.257048226289625759e-01
2.812124145866728899e-03
1.539491769153644996e-01
2.402863573273766873e-02
2.965670383488683837e-01
1.663916177809808550e-02
1.644783322099259773e-02
3.286389102790760516e-03
6.524100975505212052e-05
8.596838278692016388e-02
1.625954699076687798e-03
2.266398310900116439e-02
1.335885732906686579e-02
1.266219827723170099e-01
3.046349511976964922e-02
3.785330711072920976e-03
3.311954789670421562e-01
5.094207342013655146e-04
2.999801910716495129e-02
1.581972793484823225e-01
6.689434539604673102e-02
3.868487645786614169e-03
1.519067614700794072e-02
5.480819481168335006e-02
3.526766729924530469e-02
1.670575493313303716e-03
1.074962258244874930e-01
1.571868887880789644e-03
3.458449589657711272e-03
1.605672519878225855e-04
1.528377134952887961e-01
1.807649221062907971e-02
1.305158231421016954e-03
5.359058798713569466e-02
7.943853519397538069e-05
1.114708568747460604e-02
2.307638741936988980e-02
1.247354020705400879e-04
2.337419741726730338e-02
6.741525936512722528e-02
3.548739090722864004e-02
2.112456570783791468e-02
3.189507893486107776e-02
1.168760576311361245e-02
8.778668015206227138e-02
1.179780560342525569e-02
3.011954316419573341e-01
4.207200038400926018e-02
3.429581287931900840e-02
5.830822286869790511e-02
1.444422434524054999e-01
7.022704547467398944e-03
1.137154180393758337e-03
1.025480501727027566e-01
1.073366726814595912e-02
5.577700690472987832e-02
6.442972258711365200e-04
8.939708518042013136e-03
5.483557575360127612e-02
3.431068647739788030e-04
1.727027558749022430e-03
7.611631424126734380e-02
1.183127119910271793e-05
2.574890256508720679e-02
1.189245577301807633e-02
1.827762382101382616e-02
1.208851683860320825e-02
2.548793852606699478e-04
3.412476650141198220e-02
1.026007838386187691e-02
5.381876250311838812e-03
7.505420412390789546e-03
4.926203290986396963e-03
2.811414269594782536e-02
5.320691676396479631e-04
1.057884663359770147e-02
1.491551458254880905e-02
1.976951331558868263e-01
8.214147360849040347e-02
1.455817638870390840e-01
2.154947736204568948e-02
2.844687184569859029e-01
1.674936161840973048e-02
4.909446830605267986e-01
3.922100206134548211e-02
